user-4.00013103.png 320 161 386 215 360 138 422 246
user-4.00028951.png
user-2.00005944.png 398 131 454 177 483 126 525 179
user-4.00013103.png 320 161 386 215 360 138 422 246
user-4.00028951.png
user-2.00005944.png 398 131 454 177 483 126 525 179
user-4.00013103.png 320 161 386 215 360 138 422 246
user-4.00028951.png
user-2.00005944.png 398 131 454 177 483 126 525 179
user-4.00013103.png 320 161 386 215 360 138 422 246
user-4.00028951.png
user-2.00005944.png 398 131 454 177 483 126 525 179
user-4.00013103.png 320 161 386 215 360 138 422 246
user-4.00028951.png
user-2.00005944.png 398 131 454 177 483 126 525 179
user-4.00013103.png 320 161 386 215 360 138 422 246
user-4.00028951.png
user-2.00005944.png 398 131 454 177 483 126 525 179
user-4.00013103.png 320 161 386 215 360 138 422 246
user-4.00028951.png
user-2.00005944.png 398 131 454 177 483 126 525 179
user-4.00013103.png 320 161 386 215 360 138 422 246
user-4.00028951.png
user-2.00005944.png 398 131 454 177 483 126 525 179
user-4.00013103.png 320 161 386 215 360 138 422 246
user-4.00028951.png
user-2.00005944.png 398 131 454 177 483 126 525 179
user-4.00013103.png 320 161 386 215 360 138 422 246
user-4.00028951.png
user-2.00005944.png 398 131 454 177 483 126 525 179
user-4.00013103.png 320 161 386 215 360 138 422 246
user-4.00028951.png
user-2.00005944.png 398 131 454 177 483 126 525 179
user-4.00013103.png 320 161 386 215 360 138 422 246
user-4.00028951.png
user-2.00005944.png 398 131 454 177 483 126 525 179