20210326-230536 1 0 1 0
20210326-230610 1 1 0 0
20210326-230652 1 0 1 0
20210326-233307 1 1 0 0
20210326-231436 0 1 0 0
20210326-231510 0 1 1 0
20210326-231615 0 0 1 0
20210326-231700 1 0 1 0
20210326-231831 1 0 1 0
20210326-231929 0 0 1 0
20210326-232115 2 1 0 0
20210326-232147 2 0 1 0
20210326-232414 0 1 0 0
20210326-232457 0 1 0 0
20210326-232751 0 0 1 0
20210326-233053 0 1 0 0
20210429-184059 1 0 1 1
20210429-184345 1 1 0 1
20210429-184932 2 0 1 1
20210429-185005 2 1 0 1
20210429-185243 0 0 1 1
20210429-185354 0 1 0 1
20210429-201220 1 0 1 2
20210429-201239 1 1 0 2
20210429-201311 2 0 1 2
20210429-201323 2 1 0 2
20210429-201411 0 0 1 2
20210429-201436 0 1 0 2
20210429-222055 1 0 1 3
20210429-222115 1 1 0 3
20210429-222138 2 0 1 3
20210429-222156 2 1 0 3
20210429-222220 0 0 1 3
20210429-222235 0 1 0 3